jAtmX = 1936.336914
jAtmY = -1703.492919
jAtmZ = 12.382811
jRotX = 0.000000
jRotY = 0.299999
jRotZ = 85.999977
jPostavljen = 1
