jAtmX = 1935.043334
jAtmY = -1686.746704
jAtmZ = 12.516867
jRotX = 0.000000
jRotY = 0.000000
jRotZ = 0.000000
jPostavljen = 1
