rRadarX = 1350.145751
rRadarY = -1257.560424
rRadarZ = 13.382812
rRotX = 0.000000
rRotY = 0.000000
rRotZ = 0.000000
rPostavljen = 1
rBrzina = 130
rKazna = 75
