rRadarX = 2061.511230
rRadarY = -1188.094238
rRadarZ = 22.607347
rRotX = 0.000000
rRotY = 0.000000
rRotZ = 0.000000
rPostavljen = 1
rBrzina = 120
rKazna = 70
