rRadarX = 1465.014282
rRadarY = -1597.998413
rRadarZ = 12.486870
rRotX = 0.000000
rRotY = 0.000000
rRotZ = 90.699996
rPostavljen = 1
rBrzina = 125
rKazna = 70
