rRadarX = 1223.965576
rRadarY = -948.513732
rRadarZ = 41.489902
rRotX = 0.000000
rRotY = 0.000000
rRotZ = 97.300003
rPostavljen = 1
rBrzina = 120
rKazna = 70
