rRadarX = 2297.565429
rRadarY = 2403.246826
rRadarZ = 8.520310
rRotX = 0.000000
rRotY = 0.000000
rRotZ = 92.699996
rPostavljen = 1
rBrzina = 120
rKazna = 60
