rRadarX = 1709.185791
rRadarY = -1285.366455
rRadarZ = 12.242806
rRotX = 0.000000
rRotY = 0.000000
rRotZ = 0.000000
rPostavljen = 1
rBrzina = 120
rKazna = 55
