Name = Macak testicas
PosX = 1882.927490
PosY = -1678.449584
PosZ = 13.086936
