hImaVlasnika = 0
hVlasnik = Niko
hVrsta = 0
hUlazX = 1906.068359
hUlazY = -1682.907836
hUlazZ = 13.297874
hIzlazX = 2317.897705
hIzlazY = -1025.772216
hIzlazZ = 1050.210937
hLevel = 6
hCena = 500000
hKasa = 0
hGun = 0
hAmmo = 0
hInt = 9
hZatvoreno = 1
hVW = 0
hNeakt = 0
hPostavljena = 1
