hImaVlasnika = 1
hVlasnik = White
hVrsta = 0
hUlazX = 1909.729125
hUlazY = -1685.072509
hUlazZ = 13.297874
hIzlazX = 140.260498
hIzlazY = 1367.422119
hIzlazZ = 1083.861450
hLevel = 12
hCena = 1000000
hKasa = 0
hGun = 0
hAmmo = 0
hInt = 5
hZatvoreno = 0
hVW = 1
hNeakt = 1
hPostavljena = 1
