hImaVlasnika = 0
hVlasnik = Niko
hVrsta = 0
hUlazX = -2427.946044
hUlazY = 509.682373
hUlazZ = 29.929687
hIzlazX = 140.260498
hIzlazY = 1367.422119
hIzlazZ = 1083.861450
hLevel = 12
hCena = 1000000
hKasa = 0
hGun = 0
hAmmo = 0
hInt = 5
hZatvoreno = 1
hVW = 2
hNeakt = 0
hPostavljena = 1
