hImaVlasnika = 1
hVlasnik = boyant
hVrsta = 0
hUlazX = -2407.231933
hUlazY = 524.359985
hUlazZ = 30.382812
hIzlazX = 2317.897705
hIzlazY = -1025.772216
hIzlazZ = 1050.210937
hLevel = 6
hCena = 1
hKasa = 1
hGun = 30
hAmmo = 150
hInt = 9
hZatvoreno = 1
hVW = 3
hNeakt = 34
hPostavljena = 1
