hImaVlasnika = 0
hVlasnik = Niko
hVrsta = 0
hUlazX = 1721.765747
hUlazY = -1592.118041
hUlazZ = 13.364168
hIzlazX = 2281.889892
hIzlazY = -1126.221435
hIzlazZ = 1050.898437
hLevel = 1
hCena = 1
hKasa = 0
hGun = 0
hAmmo = 0
hInt = 0
hZatvoreno = 1
hVW = 0
hNeakt = 0
hPostavljena = 1
