hImaVlasnika = 0
hVlasnik = Niko
hVrsta = 0
hUlazX = 1721.736450
hUlazY = -1593.809814
hUlazZ = 13.364124
hIzlazX = 2364.106933
hIzlazY = -1083.799804
hIzlazZ = 1050.882568
hLevel = 1
hCena = 1
hKasa = 0
hGun = 0
hAmmo = 0
hInt = 0
hZatvoreno = 1
hVW = 1
hNeakt = 0
hPostavljena = 1
