hImaVlasnika = 0
hVlasnik = Niko
hVrsta = 0
hUlazX = 1721.728027
hUlazY = -1595.603637
hUlazZ = 13.364111
hIzlazX = 2296.703857
hIzlazY = -1120.017944
hIzlazZ = 1050.710083
hLevel = 1
hCena = 1
hKasa = 0
hGun = 0
hAmmo = 0
hInt = 0
hZatvoreno = 1
hVW = 2
hNeakt = 0
hPostavljena = 1
