DropID = 360
DropGunAmmount1 = 36
DropGunAmmount2 = -31081
DropGunPosX = -1801.423950
DropGunPosY = 919.363891
DropGunPosZ = 24.742187
DropGunVWorld = 0
DropGunInterior = 0
