DropID = 362
DropGunAmmount1 = 38
DropGunAmmount2 = 420
DropGunPosX = -1769.578735
DropGunPosY = 900.777893
DropGunPosZ = 25.085937
DropGunVWorld = 0
DropGunInterior = 0
