cVehID = 476
cModel = 500
cPosX = 1354.202148
cPosY = -1476.673828
cPosZ = 13.521878
cAngle = 342.755279
cBoja1 = 33
cBoja2 = 1
cVlasnik = Nelson
cIme = Mesa
cCena = 1
cTablice = BC-476
cRegistrovan = 0
cRegVreme = 0
cKupljen = 1
cZakljucan = 0
cPostavljen = 1
cDroga = 0
cGun1 = 0
cAmmo1 = 0
cGun2 = 0
cAmmo2 = 0
cGun3 = 0
cAmmo3 = 0
cNovac = 0
cMats = 0
cZaplenjen = 0
cNeakt = 1
cmod1 = 0
cmod2 = 1010
cmod3 = 0
cmod4 = 0
cmod5 = 1019
cmod6 = 0
cmod7 = 0
cmod8 = 0
cmod9 = 0
cmod10 = 0
cmod11 = 0
cmod12 = 1087
cmod13 = 1086
cmod14 = 0
cmod15 = 0
cmod16 = 1074
cmod17 = 0
cPaintJob = 0
cParking = 0
cVirtualWorld = 0
cInterior = 0
cPlin = 0
