cVehID = 475
cModel = 522
cPosX = 1429.692993
cPosY = -1707.554809
cPosZ = 13.382802
cAngle = 196.067428
cBoja1 = 1
cBoja2 = 1
cVlasnik = Niagara
cIme = NRG-500
cCena = 1
cTablice = BC-729
cRegistrovan = 0
cRegVreme = 0
cKupljen = 1
cZakljucan = 0
cPostavljen = 1
cDroga = 0
cGun1 = 0
cAmmo1 = 0
cGun2 = 0
cAmmo2 = 0
cGun3 = 0
cAmmo3 = 0
cNovac = 0
cMats = 0
cZaplenjen = 0
cNeakt = 4
cmod1 = 0
cmod2 = 0
cmod3 = 0
cmod4 = 0
cmod5 = 0
cmod6 = 0
cmod7 = 0
cmod8 = 0
cmod9 = 0
cmod10 = 0
cmod11 = 0
cmod12 = 0
cmod13 = 0
cmod14 = 0
cmod15 = 0
cmod16 = 0
cmod17 = 0
cPaintJob = 0
cParking = 0
cVirtualWorld = 0
cInterior = 0
cPlin = 0
