ImaVlasnika = 0
Vlasnik = Niko
Vrsta = 0
Naziv = Pig Pen
Iznuda = Niko
UlazX = 2421.659179
UlazY = -1219.242919
UlazZ = 25.561206
IzlazX = 1204.846191
IzlazY = -13.852100
IzlazZ = 1000.921875
Level = 10
Cena = 350000
Kasa = 0
Int = 2
Zatvoreno = 0
Proizvodi = 300
MaxProizvodi = 300
VW = 0
Postavljena = 1
Neakt = 0
PosaoID = 0
