ImaVlasnika = 0
Vlasnik = Niko
Vrsta = 16
Naziv = Barber
Iznuda = Niko
UlazX = 2963.630371
UlazY = -1505.388916
UlazZ = 1.932001
IzlazX = 418.652984
IzlazY = -82.639793
IzlazZ = 1001.804687
Level = 1
Cena = 1
Kasa = 200
Int = 3
Zatvoreno = 0
Proizvodi = 300
MaxProizvodi = 300
VW = 11
Postavljena = 1
Neakt = 0
PosaoID = 0
