ImaVlasnika = 0
Vlasnik = Niko
Vrsta = 23
Naziv = Apoteka
Iznuda = Niko
UlazX = 1544.306640
UlazY = -1653.226074
UlazZ = 13.595136
IzlazX = 2496.935546
IzlazY = 1147.627197
IzlazZ = -4.557798
Level = 1
Cena = 1
Kasa = 1200
Int = 0
Zatvoreno = 0
Proizvodi = 300
MaxProizvodi = 300
VW = 12
Postavljena = 1
Neakt = 0
PosaoID = 0
