ImaVlasnika = 0
Vlasnik = Niko
Vrsta = 1
Naziv = Market 24/7
Iznuda = Niko
UlazX = 1915.809814
UlazY = -1680.601806
UlazZ = 13.297874
IzlazX = -27.312299
IzlazY = -29.277599
IzlazZ = 1003.557250
Level = 1
Cena = 1
Kasa = 0
Int = 4
Zatvoreno = 0
Proizvodi = 300
MaxProizvodi = 300
VW = 13
Postavljena = 1
Neakt = 0
PosaoID = 0
