ImaVlasnika = 0
Vlasnik = Niko
Vrsta = 40
Naziv = Streljana
Iznuda = Drzava
UlazX = -2437.455566
UlazY = 501.423645
UlazZ = 29.943101
IzlazX = -1855.811401
IzlazY = 711.927001
IzlazZ = 581.835876
Level = 1
Cena = 1
Kasa = 600
Int = 0
Zatvoreno = 0
Proizvodi = 300
MaxProizvodi = 300
VW = 14
Postavljena = 1
Neakt = 0
PosaoID = 0
