ImaVlasnika = 0
Vlasnik = Niko
Vrsta = 5
Naziv = Pig Pen
Iznuda = Niko
UlazX = 2423.511230
UlazY = -1236.950683
UlazZ = 24.447555
IzlazX = 1204.846191
IzlazY = -13.852100
IzlazZ = 1000.921875
Level = 10
Cena = 99
Kasa = 0
Int = 2
Zatvoreno = 0
Proizvodi = 300
MaxProizvodi = 300
VW = 15
Postavljena = 1
Neakt = 0
PosaoID = 0
