ImaVlasnika = 0
Vlasnik = Niko
Vrsta = 1
Naziv = Market 24/7
Iznuda = Niko
UlazX = 1823.866699
UlazY = -1554.075439
UlazZ = 13.540195
IzlazX = -25.132600
IzlazY = -139.067001
IzlazZ = 1003.546875
Level = 1
Cena = 1
Kasa = 0
Int = 16
Zatvoreno = 0
Proizvodi = 300
MaxProizvodi = 300
VW = 16
Postavljena = 1
Neakt = 0
PosaoID = 0
