ImaVlasnika = 0
Vlasnik = Niko
Vrsta = 1
Naziv = Market 24/7
Iznuda = Niko
UlazX = 2511.689697
UlazY = -1663.022216
UlazZ = 13.583306
IzlazX = -27.312299
IzlazY = -29.277599
IzlazZ = 1003.557250
Level = 1
Cena = 1
Kasa = 0
Int = 4
Zatvoreno = 0
Proizvodi = 300
MaxProizvodi = 300
VW = 19
Postavljena = 1
Neakt = 0
PosaoID = 0
