ImaVlasnika = 1
Vlasnik = Niko
Vrsta = 0
Naziv = Kuglana
Iznuda = Drzava
UlazX = -2436.970947
UlazY = 535.556518
UlazZ = 30.328170
IzlazX = -684.013916
IzlazY = 2375.614990
IzlazZ = 74.705902
Level = 1
Cena = 1
Kasa = 0
Int = 0
Zatvoreno = 0
Proizvodi = 300
MaxProizvodi = 300
VW = 2
Postavljena = 1
Neakt = -999999932
PosaoID = 0
