ImaVlasnika = 0
Vlasnik = Niko
Vrsta = 1
Naziv = Market 24/7
Iznuda = Niko
UlazX = 1213.184326
UlazY = -930.316040
UlazZ = 42.673713
IzlazX = -25.132600
IzlazY = -139.067001
IzlazZ = 1003.546875
Level = 0
Cena = 1
Kasa = 20
Int = 16
Zatvoreno = 0
Proizvodi = 300
MaxProizvodi = 300
VW = 20
Postavljena = 1
Neakt = 0
PosaoID = 0
