ImaVlasnika = 0
Vlasnik = Niko
Vrsta = 26
Naziv = Cvecara
Iznuda = Niko
UlazX = 1891.543090
UlazY = -1670.304199
UlazZ = 13.297874
IzlazX = 1960.886474
IzlazY = -753.638916
IzlazZ = -39.134101
Level = 1
Cena = 1
Kasa = 0
Int = 0
Zatvoreno = 0
Proizvodi = 300
MaxProizvodi = 300
VW = 21
Postavljena = 1
Neakt = 0
PosaoID = 0
