ImaVlasnika = 0
Vlasnik = Niko
Vrsta = 16
Naziv = Barber
Iznuda = Niko
UlazX = 2071.294677
UlazY = -1793.869384
UlazZ = 13.553277
IzlazX = 418.652984
IzlazY = -82.639793
IzlazZ = 1001.804687
Level = 1
Cena = 1
Kasa = 100
Int = 3
Zatvoreno = 0
Proizvodi = 300
MaxProizvodi = 300
VW = 22
Postavljena = 1
Neakt = 0
PosaoID = 0
