ImaVlasnika = 0
Vlasnik = Niko
Vrsta = 13
Naziv = Zip
Iznuda = Niko
UlazX = 2244.578613
UlazY = -1665.170288
UlazZ = 15.476562
IzlazX = 161.410293
IzlazY = -96.687202
IzlazZ = 1001.804687
Level = 1
Cena = 1
Kasa = 0
Int = 18
Zatvoreno = 0
Proizvodi = 300
MaxProizvodi = 300
VW = 23
Postavljena = 1
Neakt = 0
PosaoID = 0
