ImaVlasnika = 1
Vlasnik = White
Vrsta = 13
Naziv = Zip
Iznuda = Niko
UlazX = 1902.934692
UlazY = -1663.495727
UlazZ = 13.665060
IzlazX = 161.410293
IzlazY = -96.687202
IzlazZ = 1001.804687
Level = 1
Cena = 1
Kasa = 0
Int = 18
Zatvoreno = 0
Proizvodi = 300
MaxProizvodi = 300
VW = 24
Postavljena = 1
Neakt = 1
PosaoID = 0
