ImaVlasnika = 0
Vlasnik = Niko
Vrsta = 0
Naziv = Apoteka
Iznuda = Niko
UlazX = -2420.493164
UlazY = 515.151123
UlazZ = 29.929687
IzlazX = 2496.935546
IzlazY = 1147.627197
IzlazZ = -4.557799
Level = 1
Cena = 1
Kasa = 250
Int = 0
Zatvoreno = 0
Proizvodi = 300
MaxProizvodi = 300
VW = 3
Postavljena = 1
Neakt = 0
PosaoID = 0
