ImaVlasnika = 0
Vlasnik = Niko
Vrsta = 0
Naziv = Gun Shop
Iznuda = Niko
UlazX = -2438.829101
UlazY = 509.520172
UlazZ = 29.936780
IzlazX = 315.762786
IzlazY = -143.661193
IzlazZ = 999.601623
Level = 10
Cena = 500000
Kasa = 0
Int = 7
Zatvoreno = 0
Proizvodi = 300
MaxProizvodi = 300
VW = 4
Postavljena = 1
Neakt = 0
PosaoID = 0
