ImaVlasnika = 0
Vlasnik = Niko
Vrsta = 1
Naziv = Market 24/7
Iznuda = Niko
UlazX = 1221.849487
UlazY = -918.883850
UlazZ = 43.075267
IzlazX = -27.312299
IzlazY = -29.277599
IzlazZ = 1003.557250
Level = 1
Cena = 1
Kasa = 0
Int = 4
Zatvoreno = 0
Proizvodi = 300
MaxProizvodi = 300
VW = 6
Postavljena = 1
Neakt = 0
PosaoID = 0
