ImaVlasnika = 1
Vlasnik = Nelson
Vrsta = 1
Naziv = Market 24/7
Iznuda = Niko
UlazX = -2444.217529
UlazY = 541.527587
UlazZ = 30.078125
IzlazX = -27.312299
IzlazY = -29.277599
IzlazZ = 1003.557250
Level = 1
Cena = 1
Kasa = 0
Int = 4
Zatvoreno = 0
Proizvodi = 288
MaxProizvodi = 300
VW = 7
Postavljena = 1
Neakt = 49
PosaoID = 0
