ImaVlasnika = 1
Vlasnik = boyant
Vrsta = 18
Naziv = Mobile shop
Iznuda = Niko
UlazX = -2409.170410
UlazY = 529.940979
UlazZ = 29.929687
IzlazX = 1554.112426
IzlazY = 101.319297
IzlazZ = 976.289794
Level = 1
Cena = 1
Kasa = 0
Int = 0
Zatvoreno = 0
Proizvodi = 300
MaxProizvodi = 300
VW = 8
Postavljena = 1
Neakt = 36
PosaoID = 0
