ImaVlasnika = 0
Vlasnik = Niko
Vrsta = 10
Naziv = Gun Shop
Iznuda = Niko
UlazX = -2409.218017
UlazY = 521.990234
UlazZ = 29.929687
IzlazX = 315.762786
IzlazY = -143.661193
IzlazZ = 999.601623
Level = 1
Cena = 1
Kasa = 53850
Int = 7
Zatvoreno = 0
Proizvodi = 291
MaxProizvodi = 300
VW = 9
Postavljena = 1
Neakt = 0
PosaoID = 0
