Taken = false
Takeable = true
GangID = -1
Time = 0
MaxX = -2436.455322
MinX = -2440.232421
MaxY = 528.189697
MinY = 507.948577
Color = FF2244
PickupPos = -2438.514160
PickupPos2 = 526.807250
PickupPos3 = 29.906856
