Taken = false
Takeable = true
GangID = -1
Time = 0
MaxX = 1517.698364
MinX = 1473.879394
MaxY = -2200.510009
MinY = -2201.385986
Color = FF000000
PickupPos = 1480.287719
PickupPos2 = -2201.297119
PickupPos3 = 13.382812
