lPosX = 1595.970092
lPosY = 2199.374023
lPosZ = 10.820306
lText = {FBE204}/napuni
lPostavljen = 1
lVrsta = 1
