lPosX = 1285.010375
lPosY = -1652.772216
lPosZ = 17.427816
lText = {FFF1AF}Pekara
lPostavljen = 1
lVrsta = 2
