lPosX = 1553.982177
lPosY = -1675.572387
lPosZ = 18.306243
lText = {FFF1AF}Police Department
lPostavljen = 1
lVrsta = 2
