lPosX = -2433.388183
lPosY = 496.151641
lPosZ = 33.203910
lText = {FFF1AF}[A] / [S] - Base
lPostavljen = 1
lVrsta = 2
