lPosX = 2147.615966
lPosY = 2747.863769
lPosZ = 10.820307
lText = {FBE204}/natoci
lPostavljen = 1
lVrsta = 1
