lPosX = 1964.526733
lPosY = 2294.698486
lPosZ = 17.447483
lText = {FFF1AF}Gym
lPostavljen = 1
lVrsta = 2
