lPosX = 1481.074829
lPosY = -1749.749877
lPosZ = 17.216463
lText = {FFF1AF}City Hall
lPostavljen = 1
lVrsta = 2
