lPosX = 2251.525634
lPosY = 2389.877685
lPosZ = 13.130728
lText = {FFF1AF}Library
lPostavljen = 1
lVrsta = 2
