lPosX = 2227.425537
lPosY = 1793.820190
lPosZ = 12.354738
lText = {FFF1AF}Pro-Laps
lPostavljen = 1
lVrsta = 2
