lPosX = 1965.780883
lPosY = 1623.195312
lPosZ = 14.130654
lText = {FFF1AF}CNN Studio
lPostavljen = 1
lVrsta = 2
