lPosX = 1413.165039
lPosY = -1621.169555
lPosZ = 14.745535
lText = {FFF1AF}Bank
lPostavljen = 1
lVrsta = 2
