lPosX = 2636.329833
lPosY = 1328.088623
lPosZ = 13.453106
lText = {FFF1AF}Pirotehnika 'Orion'
lPostavljen = 1
lVrsta = 2
