lPosX = 1518.781616
lPosY = -1450.130493
lPosZ = 14.929669
lText = {FFF1AF}Federal Bureau of Investigation
lPostavljen = 1
lVrsta = 2
