lPosX = 2543.270507
lPosY = 1023.834533
lPosZ = 11.890045
lText = {FFF1AF}Pig Pen
lPostavljen = 1
lVrsta = 2
