lPosX = 2045.941772
lPosY = -1907.779785
lPosZ = 14.756053
lText = {FFF1AF}Centar za dozvole
lPostavljen = 1
lVrsta = 2
