lPosX = 2490.113525
lPosY = 2063.833007
lPosZ = 12.055315
lText = {FFF1AF}Javni WC
lPostavljen = 1
lVrsta = 2
