lPosX = 2229.329589
lPosY = -1721.852539
lPosZ = 15.987771
lText = {FFF1AF}Gym
lPostavljen = 1
lVrsta = 2
