lPosX = 1367.216674
lPosY = -1279.762451
lPosZ = 14.718517
lText = {FFF1AF}Ammu-Nation
lPostavljen = 1
lVrsta = 2
