lPosX = 2177.604003
lPosY = 962.297790
lPosZ = 12.311388
lText = {FFF1AF}Ammunation
lPostavljen = 1
lVrsta = 2
