lPosX = 1732.906738
lPosY = -1180.005004
lPosZ = 25.591648
lText = {FFF1AF}Library
lPostavljen = 1
lVrsta = 2
