lPosX = 1462.652221
lPosY = -1657.204711
lPosZ = 15.209614
lText = {FFF1AF}SkyBar
lPostavljen = 1
lVrsta = 2
