lPosX = 1607.064575
lPosY = 1824.296997
lPosZ = 12.638278
lText = {FFF1AF}Hospital
lPostavljen = 1
lVrsta = 2
