lPosX = 359.848815
lPosY = -2071.077636
lPosZ = 11.624601
lText = {FFF1AF}Ribarnica
lPostavljen = 1
lVrsta = 2
