lPosX = 1189.388793
lPosY = -1332.535888
lPosZ = 14.848771
lText = {FFF1AF}Sud
lPostavljen = 1
lVrsta = 2
