lPosX = 1677.393066
lPosY = -1672.281616
lPosZ = 15.193634
lText = {FFF1AF}Hospital
lPostavljen = 1
lVrsta = 2
