lPosX = 1206.277343
lPosY = -1439.130615
lPosZ = 14.984126
lText = {FFF1AF}Mobile shop
lPostavljen = 1
lVrsta = 2
