lPosX = 1136.869140
lPosY = -897.169494
lPosZ = 44.992046
lText = {FFF1AF}Javni WC
lPostavljen = 1
lVrsta = 2
