lPosX = -1328.641235
lPosY = 2677.649658
lPosZ = 50.062500
lText = {FBE204}/natoci
lPostavljen = 1
lVrsta = 1
