lPosX = 2185.634277
lPosY = 1113.988037
lPosZ = 14.214818
lText = {FFF1AF}Mobile shop
lPostavljen = 1
lVrsta = 2
