lPosX = 1670.811279
lPosY = 1814.353271
lPosZ = 11.676671
lText = {FFF1AF}License center
lPostavljen = 1
lVrsta = 2
