lPosX = 2247.385498
lPosY = 1798.665771
lPosZ = 12.258909
lText = {FFF1AF}Rent A Car
lPostavljen = 1
lVrsta = 2
