lPosX = 2000.679077
lPosY = 1565.290893
lPosZ = 15.367187
lText = {FBE204}/drink
lPostavljen = 1
lVrsta = 1
