lPosX = 1022.615844
lPosY = -1121.897827
lPosZ = 25.194137
lText = {FFF1AF}Casino
lPostavljen = 1
lVrsta = 2
