lPosX = 2114.970458
lPosY = 2497.439208
lPosZ = 16.259689
lText = {FFF1AF}Taxi Co.
lPostavljen = 1
lVrsta = 2
