rRadarX = 2057.558349
rRadarY = 1701.303833
rRadarZ = 9.429651
rRotX = 0.000000
rRotY = 0.000000
rRotZ = 0.000000
rPostavljen = 1
rBrzina = 140
rKazna = 65
