cVehID = 601
cModel = 560
cPosX = 613.567016
cPosY = -74.696197
cPosZ = 997.696044
cAngle = 90.000045
cBoja1 = 4
cBoja2 = 4
cVlasnik = boyant
cIme = Sultan
cCena = 10000
cTablice = BG-0
cRegistrovan = 0
cRegVreme = 0
cKupljen = 1
cZakljucan = 0
cPostavljen = 1
cDroga = 0
cGun1 = 0
cAmmo1 = 0
cGun2 = 0
cAmmo2 = 0
cGun3 = 0
cAmmo3 = 0
cNovac = 0
cMats = 0
cZaplenjen = 0
cNeakt = 0
cmod1 = 0
cmod2 = 0
cmod3 = 0
cmod4 = 0
cmod5 = 0
cmod6 = 0
cmod7 = 0
cmod8 = 0
cmod9 = 0
cmod10 = 0
cmod11 = 0
cmod12 = 0
cmod13 = 0
cmod14 = 0
cmod15 = 0
cmod16 = 0
cmod17 = 0
cPaintJob = 999
cParking = 0
cVirtualWorld = 1
cInterior = 2
cPlin = 0
