lPosX = 1467.856445
lPosY = -1427.930175
lPosZ = 14.616452
lText = {FFF1AF}Pro-Laps
lPostavljen = 1
lVrsta = 2
