lPosX = 1470.363647
lPosY = -1176.986816
lPosZ = 25.577222
lText = {FFF1AF}Post
lPostavljen = 1
lVrsta = 2
