lPosX = 1128.578613
lPosY = -1422.286010
lPosZ = 17.360790
lText = {FFF1AF}Trgovacki centar
lPostavljen = 1
lVrsta = 2
