lPosX = 2362.296875
lPosY = 2377.584472
lPosZ = 11.281743
lText = {FFF1AF}Post
lPostavljen = 1
lVrsta = 2
