lPosX = 1795.478271
lPosY = -1283.195556
lPosZ = 15.817499
lText = {FFF1AF}Galerija
lPostavljen = 1
lVrsta = 2
