lPosX = 2443.983398
lPosY = 2376.159667
lPosZ = 11.985173
lText = {FFF1AF}Federal Bureau of Investigation
lPostavljen = 1
lVrsta = 2
