lPosX = 501.848846
lPosY = -21.521291
lPosZ = 1000.679687
lText = {FBE204}/pice
lPostavljen = 1
lVrsta = 1
