lPosX = 2407.658935
lPosY = 1133.056884
lPosZ = 13.338487
lText = {FFF1AF}City Hall
lPostavljen = 1
lVrsta = 2
