lPosX = 1310.241455
lPosY = -1370.196533
lPosZ = 15.488714
lText = {FFF1AF}Biro za zaposljavanje
lPostavljen = 1
lVrsta = 2
