lPosX = 2463.033203
lPosY = 2032.053955
lPosZ = 15.299324
lText = {FFF1AF}Burger Shot
lPostavljen = 1
lVrsta = 2
