lPosX = 1952.876464
lPosY = 1342.980957
lPosZ = 16.552278
lText = {FFF1AF}Zip
lPostavljen = 1
lVrsta = 2
