lPosX = 2225.014648
lPosY = 1838.652343
lPosZ = 11.721725
lText = {FFF1AF}Casino 'Montecito'
lPostavljen = 1
lVrsta = 2
