lPosX = 421.582458
lPosY = -80.334846
lPosZ = 1001.804687
lText = {FBE204}/frizura
lPostavljen = 1
lVrsta = 1
