lPosX = 939.612915
lPosY = 1733.499877
lPosZ = 10.191964
lText = {FFF1AF}CNN
lPostavljen = 1
lVrsta = 2
