lPosX = 1713.061889
lPosY = -1142.814819
lPosZ = 27.477197
lText = {FFF1AF}Pekara
lPostavljen = 1
lVrsta = 2
