lPosX = 612.192565
lPosY = 1695.096435
lPosZ = 6.992187
lText = {FBE204}/natoci
lPostavljen = 1
lVrsta = 1
