lPosX = 1323.397338
lPosY = -1159.512817
lPosZ = 25.168014
lText = {FFF1AF}CNN
lPostavljen = 1
lVrsta = 2
