lPosX = 2388.458740
lPosY = 2466.009277
lPosZ = 12.853351
lText = {FFF1AF}Court
lPostavljen = 1
lVrsta = 2
