lPosX = 2007.818847
lPosY = 1167.410156
lPosZ = 13.334545
lText = {FFF1AF}Bank
lPostavljen = 1
lVrsta = 2
