lPosX = 2071.812500
lPosY = -1793.772705
lPosZ = 15.284867
lText = {FFF1AF}Barber
lPostavljen = 1
lVrsta = 2
