lPosX = 1569.090087
lPosY = 2804.936035
lPosZ = 10.845932
lText = {FBE204}/natoci
lPostavljen = 1
lVrsta = 1
