lPosX = 2416.918457
lPosY = 1123.732543
lPosZ = 13.186841
lText = {FFF1AF}City Hall
lPostavljen = 1
lVrsta = 2
