lPosX = 2114.965332
lPosY = 920.066955
lPosZ = 10.820306
lText = {FBE204}/napuni
lPostavljen = 1
lVrsta = 1
