lPosX = 1752.495727
lPosY = -1894.106201
lPosZ = 15.192151
lText = {FFF1AF}Taxi Co.
lPostavljen = 1
lVrsta = 2
