lPosX = 1204.047851
lPosY = -918.434814
lPosZ = 47.149288
lText = {FFF1AF}Burger shot
lPostavljen = 1
lVrsta = 2
