lPosX = 1937.327514
lPosY = 2150.511962
lPosZ = 12.597594
lText = {FFF1AF}Parking Servis
lPostavljen = 1
lVrsta = 2
