lPosX = 1467.983154
lPosY = -2215.197265
lPosZ = 15.110375
lText = {FFF1AF}Parking Servis
lPostavljen = 1
lVrsta = 2
