lPosX = 2639.878662
lPosY = 1106.109375
lPosZ = 10.820312
lText = {FBE204}/natoci
lPostavljen = 1
lVrsta = 1
