lPosX = 1458.099487
lPosY = -1138.422485
lPosZ = 25.426158
lText = {FFF1AF}Zip
lPostavljen = 1
lVrsta = 2
