lPosX = -1805.676635
lPosY = 906.439697
lPosZ = 24.890625
lText = {FFF1AF}BIRO ZA ZAPOSLJAVANJE ZAGREB
lPostavljen = 1
lVrsta = 2
