lPosX = 1381.588745
lPosY = -1088.773071
lPosZ = 29.007461
lText = {FFF1AF}School
lPostavljen = 1
lVrsta = 2
