lPosX = 2127.496093
lPosY = 2364.890625
lPosZ = 11.954380
lText = {FFF1AF}Biro za zaposljavanje
lPostavljen = 1
lVrsta = 2
