lPosX = 1874.924560
lPosY = 2134.648681
lPosZ = 15.735937
lText = {FBE204}/drink
lPostavljen = 1
lVrsta = 1
