tImaVlasnika = 0
tVlasnik = Niko
tTrafX = -2422.002441
tTrafY = 515.002441
tTrafZ = 30.179676
tRotX = 0.000000
tRotY = 0.000000
tRotZ = 0.000000
tPickX = -2421.483154
tPickY = 510.875274
tPickZ = 29.923669
tLevel = 10
tCena = 5
tKasa = 80
tNeakt = 0
tPostavljena = 1
