tImaVlasnika = 1
tVlasnik = Miljan_Soskic
tTrafX = 1716.938842
tTrafY = -1589.138061
tTrafZ = 13.420619
tRotX = 0.199999
tRotY = 0.499998
tRotZ = -18.200014
tPickX = 1716.571411
tPickY = -1596.449218
tPickZ = 13.358611
tLevel = 1
tCena = 1
tKasa = 0
tNeakt = 27
tPostavljena = 1
