Owner = 
Model = 980
For = 1
OrgID = 3
Speed = 3.000000
Radius = 8.000000
Time = 10000
Pos1 = -2434.795654
Pos2 = 503.317169
Pos3 = 31.659168
Pos4 = 0.000000
Pos5 = 0.000000
Pos6 = 190.099304
Interior = 0
World = 0
Move1 = -2434.795654
Move2 = 503.317169
Move3 = 25.889160
Move4 = 0.000000
Move5 = 0.000000
Move6 = 190.099304
