Owner = 
Model = 980
For = 0
OrgID = -1
Speed = 3.000000
Radius = 8.000000
Time = 0
Pos1 = -2446.056884
Pos2 = 543.897460
Pos3 = 30.078125
Pos4 = 0.000000
Pos5 = 0.000000
Pos6 = 37.817787
Interior = 0
World = 0
Move1 = 0.000000
Move2 = 0.000000
Move3 = 0.000000
Move4 = 0.000000
Move5 = 0.000000
Move6 = 0.000000
