zZgradaX = 1719.432250
zZgradaY = -1594.315795
zZgradaZ = 13.355815
zIntX = 1475.428222
zIntY = -1656.550903
zIntZ = 3501.085937
zVW = 1
zPostavljena = 1
