aAtmX = -2411.004882
aAtmY = 524.188598
aAtmZ = 29.929687
aRotX = 0.000000
aRotY = 0.000000
aRotZ = 0.000000
aNovac = 5
aPostavljen = 1
