aAtmX = 1907.352783
aAtmY = -1664.708496
aAtmZ = 12.907875
aRotX = 0.000000
aRotY = 0.000000
aRotZ = 0.000000
aNovac = 50000
aPostavljen = 1
