aAtmX = 2497.968261
aAtmY = -1660.182006
aAtmZ = 13.348352
aRotX = 0.000000
aRotY = 0.000000
aRotZ = 0.000000
aNovac = 0
aPostavljen = 1
