aAtmX = 2498.141113
aAtmY = -1668.924682
aAtmZ = 13.342741
aRotX = 0.000000
aRotY = 0.000000
aRotZ = 0.000000
aNovac = 50000
aPostavljen = 1
