aAtmX = 1156.294799
aAtmY = -1415.563964
aAtmZ = 13.299925
aRotX = 1.199998
aRotY = 0.599999
aRotZ = -179.400100
aNovac = 100051236
aPostavljen = 1
