zZgradaX = 1718.898193
zZgradaY = -1592.374267
zZgradaZ = 13.356338
zIntX = -549.843688
zIntY = 647.491882
zIntZ = 586.575927
zVW = 0
zPostavljena = 1
