sImaVlasnika = 0
sVlasnik = Niko
sVrsta = 0
sUlazX = -2428.274169
sUlazY = 507.422637
sUlazZ = 29.929687
sIzlazX = 633.750976
sIzlazY = -1122.441772
sIzlazZ = 23.158300
sLevel = 10
sCena = 1
sKasa = 0
sGun = 0
sAmmo = 0
sInt = 0
sZatvoreno = 1
sVW = 0
sNeakt = 0
sPostavljena = 1
sVWex = 0
