sImaVlasnika = 1
sVlasnik = White
sVrsta = 0
sUlazX = 1909.495361
sUlazY = -1678.280029
sUlazZ = 13.297874
sIzlazX = 633.750976
sIzlazY = -1122.441772
sIzlazZ = 23.158300
sLevel = 1
sCena = 1
sKasa = 0
sGun = 0
sAmmo = 0
sInt = 0
sZatvoreno = 0
sVW = 1
sNeakt = 1
sPostavljena = 1
sVWex = 0
