aAtmX = 0.000000
aAtmY = 0.000000
aAtmZ = 0.000000
aRotX = 0.000000
aRotY = 0.000000
aRotZ = 0.000000
aNovac = 51265
aPostavljen = 0
