sImaVlasnika = 1
sVlasnik = Miljan_Soskic
sVrsta = 0
sUlazX = 1721.990234
sUlazY = -1597.617187
sUlazZ = 13.364496
sIzlazX = 2254.231689
sIzlazY = -1110.274047
sIzlazZ = 1050.882812
sLevel = 1
sCena = 1
sKasa = 0
sGun = 0
sAmmo = 0
sInt = 0
sZatvoreno = 0
sVW = 0
sNeakt = 27
sPostavljena = 1
sVWex = 0
