seSefX = 0.000000
seSefY = 0.000000
seSefZ = 0.000000
seNovac = 20000
seDroga = 0
seMats = 0
seOrg = 0
sePostavljen = 0
