seSefX = 1918.068969
seSefY = -1672.135253
seSefZ = 13.297874
seNovac = 1
seDroga = 1
seMats = 1
seOrg = 1
sePostavljen = 1
