farma_PosX = 1939.899047
farma_PosY = -1678.931274
farma_PosZ = 13.382802
farma_Radius = 5
farma_Cena = 5
farma_Level = 5
farma_ImaVlasnika = 1
farma_Vlasnik = Mackenzi
farma_Postavljena = 1
farma_PosadjenoZito1 = 0
farma_PosadjenoZito2 = 0
farma_PosadjenoZito3 = 0
farma_PosadjenoZito4 = 0
farma_PosadjenoZito5 = 0
farma_PosadjenoZito6 = 0
farma_PosadjenoZito7 = 0
farma_PosadjenoZito8 = 0
farma_ZitoPoraslo1 = 0
farma_ZitoPoraslo2 = 0
farma_ZitoPoraslo3 = 0
farma_ZitoPoraslo4 = 0
farma_ZitoPoraslo5 = 0
farma_ZitoPoraslo6 = 0
farma_ZitoPoraslo7 = 0
farma_ZitoPoraslo8 = 0
farma_ZitoPosX1 = 0.000000
farma_ZitoPosY1 = 0.000000
farma_ZitoPosZ1 = 0.000000
farma_ZitoPosX2 = 0.000000
farma_ZitoPosY2 = 0.000000
farma_ZitoPosZ2 = 0.000000
farma_ZitoPosX3 = 0.000000
farma_ZitoPosY3 = 0.000000
farma_ZitoPosZ3 = 0.000000
farma_ZitoPosX4 = 0.000000
farma_ZitoPosY4 = 0.000000
farma_ZitoPosZ4 = 0.000000
farma_KravaMleko = 11
farma_ZitoPosX5 = 0.000000
farma_ZitoPosY5 = 0.000000
farma_ZitoPosZ5 = 0.000000
farma_ZitoPosX6 = 0.000000
farma_ZitoPosY6 = 0.000000
farma_ZitoPosZ6 = 0.000000
farma_ZitoPosX7 = 0.000000
farma_ZitoPosY7 = 0.000000
farma_ZitoPosZ7 = 0.000000
farma_ZitoPosX8 = 0.000000
farma_ZitoPosY8 = 0.000000
farma_ZitoPosZ8 = 0.000000
farma_TraktorVozilo = 2
farma_KombajnVozilo = 3
farma_PrikolicaVozilo = 1
farma_TraktorX = 1941.079223
farma_TraktorY = -1669.970458
farma_TraktorZ = 13.350893
farma_TraktorA = 274.107666
farma_KombajnX = 1939.354370
farma_KombajnY = -1662.420654
farma_KombajnZ = 14.346507
farma_KombajnA = 282.406921
farma_PrikolicaX = 1945.281372
farma_PrikolicaY = -1656.117919
farma_PrikolicaZ = 13.382802
farma_PrikolicaA = 226.041717
farma_KravaPosX1 = 1934.836669
farma_KravaPosY1 = -1676.972412
farma_KravaPosZ1 = 13.546875
farma_KravaPosXX1 = 0.000000
farma_KravaPosYY1 = 0.000000
farma_KravaPosZZ1 = 0.000000
farma_KravaPosX2 = 1941.787231
farma_KravaPosY2 = -1685.895629
farma_KravaPosZ2 = 38.824546
farma_KravaPosXX2 = 0.000000
farma_KravaPosYY2 = 0.000000
farma_KravaPosZZ2 = 0.000000
farma_KravaPosX3 = 0.000000
farma_KravaPosY3 = 0.000000
farma_KravaPosZ3 = 0.000000
farma_KravaPosXX3 = 0.000000
farma_KravaPosYY3 = 0.000000
farma_KravaPosZZ3 = 0.000000
farma_KravaPosX4 = 0.000000
farma_KravaPosY4 = 0.000000
farma_KravaPosZ4 = 0.000000
farma_KravaPosXX4 = 0.000000
farma_KravaPosYY4 = 0.000000
farma_KravaPosZZ4 = 0.000000
