Owned = true
Owner = Nelson
Price = 120000
Level = 7
Locked = false
Pos1 = -2402.060546
Pos2 = 522.777404
Pos3 = 30.382812
VehiclePos1 = -2401.849121
VehiclePos2 = 528.355957
VehiclePos3 = 30.083063
VehiclePos4 = 0.082910
VW = 0
Type = 2
Neaktivnost = 49
