Owned = true
Owner = boyant
Price = 1
Level = 5
Locked = false
Pos1 = -2400.536376
Pos2 = 531.358276
Pos3 = 30.376905
VehiclePos1 = -2400.456054
VehiclePos2 = 531.328308
VehiclePos3 = 30.103506
VehiclePos4 = 0.473583
VW = 1
Type = 1
Neaktivnost = 36
