Owned = true
Owner = Ghost
Price = 350000
Level = 8
Locked = false
Pos1 = -2400.253906
Pos2 = 525.946166
Pos3 = 30.382812
VehiclePos1 = -2400.253906
VehiclePos2 = 525.264709
VehiclePos3 = 30.086881
VehiclePos4 = 359.985870
VW = 2
Type = 3
Neaktivnost = 29
