DropID = 360
DropGunAmmount1 = 36
DropGunAmmount2 = -31073
DropGunPosX = -1807.099975
DropGunPosY = 901.170410
DropGunPosZ = 24.890625
DropGunVWorld = 0
DropGunInterior = 0
