DropID = 348
DropGunAmmount1 = 24
DropGunAmmount2 = 47
DropGunPosX = 1131.894531
DropGunPosY = -1758.532104
DropGunPosZ = 13.584422
DropGunVWorld = 0
DropGunInterior = 0
