DropID = 352
DropGunAmmount1 = 28
DropGunAmmount2 = 1000
DropGunPosX = 1158.513183
DropGunPosY = -1760.223754
DropGunPosZ = 13.681471
DropGunVWorld = 0
DropGunInterior = 0
